530,4
297,8
297,6
297,5
4294967278,322
297,4
295,4
295,6
278,8
403,5
314,4
426,7
498,5
252,4
395,4
404,6
255,4
253,4
251,4
396,4
394,5
326,4
326,5
387,5
267,5
426,4
426,12
426,14
426,13
426,10
393,4
397,4
397,5
281,6
279,4
245,4
331,4
342,4
340,7
340,5
257,11
257,7
257,6
291,5
291,9
294,4
409,4
319,6
306,5
442,5
458,5
324,4
355,5
346,6
357,5
253,6
434,5
314,5
325,6
342,5
400,4
455,4
278,4
278,7
281,5
452,4
323,4
337,4
365,4
336,12
336,17
336,5
365,5
450,6
306,4
414,4
336,18
336,14
336,9
336,7
449,4
302,4
301,4
346,4
422,5
421,4
422,4
4294967294,1571
4294967278,428
629,4
4294967278,315
629,3
629,2
629,1
4294967278,248
4294967278,250
4294967278,407
393,6
4294967278,416
333,4
391,4
4294967278,129
4294967278,128
4294967278,126
4294967278,124
4294967278,123
4294967278,122
4294967278,121
4294967278,120
4294967278,119
4294967278,118
4294967278,242
4294967278,117
4294967278,116
4294967278,115
4294967278,113
4294967278,112
4294967278,230
4294967278,110
4294967278,108
4294967278,280
4294967278,107
4294967278,222
4294967278,106
4294967278,105
4294967278,104
4294967278,103
4294967278,101
4294967278,100
4294967278,406
4294967278,98
4294967278,96
4294967278,95
4294967278,94
4294967278,91
4294967278,87
4294967278,85
4294967278,84
4294967278,83
4294967278,80
4294967278,79
4294967278,2
4294967278,77
4294967278,75
4294967278,74
4294967278,73
4294967278,72
4294967278,70
4294967278,69
4294967278,67
4294967278,64
4294967278,63
4294967278,62
4294967279,80
4294967279,77
4294967279,74
4294967279,70
4294967279,62
4294967279,59
4294967279,54
4294967279,49
4294967279,42
4294967279,38
4294967279,37
4294967279,32
4294967279,410
4294967279,26
4294967279,25
4294967279,24
4294967279,23
4294967279,8
4294967279,6
4294967279,5
4294967279,420
4294967279,0
4294967278,114
4294967278,370
4294967294,6
4294967278,235
4294967278,233
4294967278,111
4294967278,232
4294967278,229
4294967278,109
4294967278,432
433,6
427,5
404,4
4294967278,102
4294967278,447
4294967278,213
4294967278,212
4294967278,99
4294967278,287
4294967278,210
4294967278,97
4294967278,427
4294967278,93
4294967278,436
4294967278,89
4294967278,92
4294967278,446
4294967278,203
4294967278,201
4294967278,90
4294967278,276
4294967278,364
426,11
4294967278,301
4294967278,86
433,4
4294967279,507
4294967278,82
325,5
4294967278,362
4294967279,82
4294967278,298
4294967278,81
4294967278,193
4294967279,194
4294967278,192
4294967279,192
4294967279,79
4294967278,78
4294967278,377
4294967278,190
4294967278,76
4294967278,418
469,4
456,4
457,4
4294967279,76
4294967279,449
4294967278,71
4294967278,437
4294967278,183
4294967279,184
4294967278,182
4294967279,182
4294967279,69
4294967278,68
4294967278,375
4294967279,492
4294967278,180
4294967278,66
4294967278,309
4294967294,1470
4294967279,448
404,5
4294967278,297
4294967278,65
4294967279,173
4294967279,172
4294967279,497
4294967294,9
4294967279,170
552,4
320,2
4294967278,296
4294967278,346
4294967278,88
4294967279,52
4294967279,51
4294967294,1440
551,7
551,6
551,5
551,2
551,4
498,4
356,6
297,7
295,5
278,6
325,4
279,6
395,5
393,5
341,5
340,4
255,1
4294967294,1431
4294967294,1455
4294967294,1439
4294967294,1537
4294967294,1038
4294967294,1432
4294967294,1555
4294967294,1564
4294967294,22
4294967294,1466
4294967294,1456
4294967294,1449
4294967294,486
4294967294,1453
4294967294,1039
387,1
401,4
428,5
341,4
342,6
433,9
281,4
245,6
245,5
524,4
355,4
426,9
426,8
267,6
267,4
332,4
334,4
301,5
362,4
307,10
307,7
312,5
309,6
309,4
244,4
307,4
386,16
386,4
4294967279,433
321,4
291,10
303,4
408,4
407,4
420,4
410,4
339,4
336,21
336,16
336,10
336,8
450,4
357,4
327,5
441,4
458,4
304,5
304,4
322,4
324,5
350,4
351,4
349,4
351,5
264,4
259,4
262,5
261,4
356,4
356,5
363,4
405,6
255,6
387,4
433,7
249,4
392,4
259,5
398,4
454,4
456,5
280,5
282,4
406,4
433,5
280,4
323,5
257,9
257,5
338,4
336,20
336,11
338,7
358,4
257,10
242,6
257,4
242,5
242,4
305,4
4294967278,347
4294967278,260
4294967294,1553
391,12
4294967279,157
336,19
336,15
336,13
336,6
336,4
320,4
319,4
345,4
291,8
291,4
420,5
4294967279,309
622,4
622,3
622,2
622,1
4294967279,443
4294967279,39
4294967278,294
4294967279,302
4294967279,30
4294967279,142
4294967279,31
4294967278,292
4294967278,0
4294967279,416
433,8
243,5
428,4
281,1
4294967279,415
4294967279,174
4294967279,462
4294967279,271
4294967279,19
4294967279,291
4294967279,283
4294967279,9
4294967279,402
4294967279,262
4294967279,7
4294967279,409
426,5
0,5
4294967279,4
4294967279,278
4294967278,132
4294967278,333
4294967278,131
4294967278,409
328,4
327,4
4294967294,5
4294967278,130
4294967278,408
4294967278,319
4294967278,318
0,7
4294967294,1458
4294967294,7
